A = [ 1 2 3 ; 7 8 9 ];
B = [ 4 5 6 ; 3 2 1 ];
C = A .* B;
